35773138
41699844
38097821
21036097
43643281
27730042
14927286
08941002
16979207
16688191
16644229
42583759
32383254
29648101
11883896
43162890
31653528
33271711
49493609
18033876
43431788
16063428
14827732
12984050
20934021
48045463
24896808
33087127
13694370
27002098
31011634
26786465
49641980
19143310
14845120
09675355
36863701
24279750
17419395
43506139
14214067
46729171
17479145
38984734
16832849
11602436
39262458
08658321
36009989
19533562
33093858
49438583
18626994
34505590
29288804
37641461
13172321
39579001
22209049
31974399
32311913
39501472
32504224
18507288
41849778
07145854
45143760
28594226
19060555
24942491
09486254
15875385
25774034
20442472
42171165
13617761
24176461
13722549
20359669
26088233
13261783
21135835
40674537
20099386
49221428
47138525
25092512
32123031
16539127
09857351
12316313
32456208
21378407
10972487
37943092
08878212
16017149
30343298
31221022
49095662
26512266
14818489
20206987
43601403
19719586
32902000
30882368
16235871
35843645
09232453
10978587
35828624
29385368
23709396
26677155
19691636
46160531
41640249
40866718
30513866
27193230
35671344
13437628
14426424
20951621
46115006
44141792
16987564
31204605
33515337
22855577
29136812
18821260
35802401
35935250
07312284
12423022
23137918
31651484
25835343
22981356
35375459
31643274
07686863
07221134
15025921
42066547
43352108
40070189
23330684
38430887
11907260
08356934
14861172
20907271
42288826
18072801
33847349
18789359
21826242
40337950
21948574
47401965
28719330
24955411
07070942
12991338
45175702
26913964
41256321
14951693
26524885
37922511
22344939
48162784
46560551
35113104
41159557
08309054
12836426
24929792
30033468
40692636
10662195
36483903
13671452
47763862
29073203
30635042
28995666
20893751
31955102
11323795
33659619
36782174
42394028
46045864
09752738
49415103
25495873
34988950
24862274
16396931
32808311
45121544
41220420
09294486
37532525
30637369
20395551
14877129
23499487
29292415
24878147
34962357
26343184
47687465
18037088
39391405
47133525
20161426
30877435
09599633
48296262
07032580
44053002
37499584
31892020
30587441
25705660
38685967
18067484
47573513
23969373
10001516
21414660
33031180
17152417
13470234
41086379
14980680
30256958
40321829
28803790
09097126
24204715
19058736
07744255
49604845
46763027
22041779
12934886
23639801
36400474
43432789
27912643
28696106
25418068
46835741
21214305
13373378
18233750
10291642
47188406
48428803
29365435
15698729
41939462
25435673
28994001
43248135
27892078
29942673
38691172
26102275
29094613
08401430
41933914
27305802
29977505
48262408
47038744
11143059
36147846
10473717
08977451
35616517
16200648
12976564
21697285
17144346
18313067
22550530
17247089
12654901
40112711
25064323
07925937
24133096
48732390
27169826
09654318
27268454
30107930
48401147
49536363
44684131
49057844
37070720
45614243
21559153
08406936
23530178
49889708
38012555
11378797
07446117
37710287
09843918
42746325
43216082
29208989
49826332
49149696
18906487
25020234
09230286
39275147
13597223
45340502
22070067
26601083
42713958
30807185
33483719
34590713
25013691
37234921
12869416
39268913
44629402
36964859
14652633
17622425
38637982
31739476
16472551
41874424
28830586
29924784
43874067
47541841
47362484
20311833
42433267
20284664
18161990
14382649
42498906
36381268
38569081
41327406
09653136
26141507
22573519
39813844
37011849
39466864
16328357
07819499
07517663
40943878
27176472
15531053
25640511
10118272
15339826
08463833
42859141
45100939
20265819
25747976
21876174
09187913
21858800
17806133
25112402
23244710
45405315
24225177
14833564
13033491
07098349
15064991
17641502
41268726
38334026
09135313
42175421
34025032
11070420
25483157
13458022
25245131
45046997
15528931
24815558
38497908
20576484
08699673
15393953
10983165
22001384
22791386
44461932
39186694
16392548
30031090
28527485
47846553
17052622
48155813
39353771
24483538
22402127
29796476
48830018
12347415
47507096
29404143
13915341
17849770
14217603
41177655
30644569
30013289
18014419
30708102
07842859
14616075
43275372
21812449
45996411
42743286
22492752
32822291
32496966
23148841
40004569
20430493
27231497
13314864
07267975
31308727
11961577
41388006
45440406
28163748
46286082
21731424
31703682
35437892
15608648
25569763
47796599
23312788
47261610
40033865
36414750
34273396
23732309
29585954
14702815
34159388
21023910
27354757
26571841
36109274
09715079
43967821
44350556
17454600
36044543
49144258
18327500
35248830
44545949
22134412
28531653
09751116
19901894
22704802
18280645
27671406
32199227
14891512
42547233
27953744
09956086
34872655
46651352
48316724
31353011
27301666
46091621
33140951
24096559
29539005
33886539
28214507
18236303
10310612
34140669
29196543
28931351
15739834
16390549
31921749
21517888
26296445
44232377
46328876
40149344
36325545
19427962
47300928
14710876
19233200
42156918
33346676
21166958
40883433
34976177
23733945
28933699
29070485
10038667
18724204
34288257
30576424
09834262
38167659
42465484
48688465
33550831
13208905
49069998
39098703
07924125
32779981
24288987
32061737
19073276
21330848
19430657
30978434
43849422
37659484
18630218
16764355
17334581
40252946
18980654
22494389
42928609
25609404
07767143
21247438
07100550
25148371
12716789
26968854
14434019
17764263
25657654
20497480
15683094
34160293
17723861
20890325
33005209
14673183
15914074
14182648
40985058
42745072
12250649
34612552
43959062
35432412
35332361
41085629
47562239
15862107
35818679
33420856
27887560
38763166
10220652
12831638
31755537
42620101
22559223
32324492
08483923
29271826
38593740
38530663
33448857
35512356
45718324
19713800
48321371
27144256
32438370
41140057
30547397
41223049
18989913
49323245
12252527
35662700
46227691
23028453
13760604
48034635
34487936
37877048
10760264
37174322
25464599
46218748
41978807
32582770
12656890
09713658
33395836
31701917
33809164
39869604
20312037
28134794
25294495
35562822
47718497
12034521
11477868
19242492
32041684
10369415
08990576
15603730
23124058
26837537
37416420
30388451
30173773
34975490
37135212
32086339
29536841
28383032
23482441
33673714
23369466
16582669
36011053
31818697
21605622
30610817
29960367
25093431
27100795
39259210
15078308
43378060
09130362
11027230
32690232
29196271
40371171
08808364
36784788
40017098
07424632
32289509
47365863
42151257
36513842
39632431
22342212
13128458
42928759
49376858
30519554
33843244
33369666
24682530
43924764
26862963
22135798
31555319
21543135
22224052
15442400
09097672
20974940
25255378
43933855
29174687
27567280
07999092
29123513
17701567
49855688
23183152
20484045
39866141
17597562
28378848
21648935
28169723
38530504
15046850
29121448
37676805
25351727
11395589
44795111
26188560
48640622
20672583
45133834
33380779
24164656
14305983
48370405
40208577
45808120
13941763
14767975
14393785
11527288
44822005
27683397
16453453
36572561
15782561
44097646
10612075
11145093
24883145
47671188
24039486
41158774
28546045
43854071
42909301
38844559
37548494
36634489
21353817
38024200
49221583
32854782
11663457
48250287
15461151
48281667
12034125
36970511
32423825
08521090
11105189
43053292
45076443
14864713
43916089
23682062
12270933
47722462
26856776
13000225
07073767
46583028
40609751
33533812
33606625
45360487
35295161
29058185
36610575
17773560
26737977
13706658
47707981
16583744
34416075
12627750
37075962
46500134
16418071
25418024
09462208
14070222
20914180
07244085
11586854
39870121
26903140
09562894
48820839
31962726
20184958
17605267
45500799
12435436
14272569
09593658
10415666
47524734
24485923
14472989
13940456
46407473
42339161
20682295
49433659
11556798
43828588
15245434
46798197
29177932
35483493
09629167
11864913
27388017
35302224
32492402
42982571
09504412
13759538
20920166
45874784
29064051
20416475
38238785
08467655
10196962
13428513
14770887
09182153
49702652
13877219
29963260
17524701
20947601
35429170
24975344
39971683
35614493
23658906
23794270
07097310
22923647
49804999
13500279
49876381
11701146
25862038
19293687
21488093
39683549
31981746
26003434
07025472
10981438
19412772
25321647
35711911
12978661
35896171
24809188
36597554
44537211
23042653
29320704
07572859
17402223
28253262
38209470
38275461
49808493
17842161
34597234
09844495
35192699
46359456
37249561
11134822
07069921
48672141
08905374
25527496
34948018
11781260
16457857
35802615
11348620
45976443
27006205
48660875
26341979
45671271
36092992
37273796
45698199
19689258
20121167
40025050
27570532
25445293
45776960
33611374
15400861
41989806
17714014
25080509
25879533
15204093
30272897
41648585
27493702
16470113
17225737
44934450
24854145
39997079
12608893
10138296
35357484
38720410
30713998
27486665
32422372
27488991
26475258
21825276
41095077
29165751
41643514
34071955
17228543
30975015
11410848
36319187
25150159
08667021
41498610
31663581
49116061
18495883
26726602
13968082
36139864
41910028
46997474
35895943
41902718
29120628
27329080
43520126
15519941
10575278
14082454
12801123
40845131
29453556
20994957
47895950
10353316
49282531
42511139
39773345
13325112
12704079
48420892
14349113
31291109
40533535
18510977
14503802
12147394
08119627
23312257
08476768
37855070
43464977
32585049
28377831
19674387
46622402
28726747
46139819
37938592
43857143
08127888
11182762
35867539
12979435
45082458
15998980
40815991
08409181
08575007
32735857
36430281
31906415
45189730
09795971
24991275
35930186
21600728
27714412
09282763
32235899
29435474
33612572
19976988
31096092
16617663
22211612
13115780
37971218
39560542
12065156
25750801
40362190
30978505
20076260
36981415
34560253
20589954
38554664
42604254
49387071
43362299
33134467
42681448
45412149
21847143
15877770
38699522
41930535
36035443
48939698
41665044
32613773
42309456
09225770
41737859
45832795
36196650
31348103
40994201
26071706
08154415
07905126
29410497
44953507
29364823
12387869
17961331
27409673
34118978
22216231
18546165
33316571
48965432
13635802
35488698
48039443
11557302
42590039
32164009
29107353
18532983
08874494
41535593
40634363
33429925
17481495
40000197
14213005
44215428
13537704
44406076
18063999
27366398
22640901
13760541
47961344
14281396
12106327
42922108
15789914
14655633
29137137
40535182
28996198
35429853
29683263
09567292
10446450
23624278
44933383
43447125
49519905
44689498
08520602
22293322
46864425
10165339
07505460
11199933
35333518
45583523
40344142
30478597
39112355
46723944
46915979
36896612
17653035
30309504
44615527
15363017
43099163
29545007
08747694
14431891
33813936
21867079
47340774
40758049
20058115
16275988
13640630
36315857
14705779
42251658
42193021
27387454
08884429
20237278
17329180
26379103
33046228
26297892
11234588
32858108
41031818
41774440
30284141
27689238
47880592
31121093
07107839
27726680
24727002
25746471
23604366
22229924
18724847
47485280
45522182
40746900
47862114
31916991
14730956
12167794
09344122
16370152
44934814
07928279
45783827
47911379
12496616
34923181
34661703
12182235
24813796
46652581
33474173
49333289
28689206
42380814
49449173
39777644
08000511
